85215
24582
98037
75786
45656
70998
30367
81780
90260
24710
14018
43565
59781
47761
85892
25701
18264
33747
39697
61838
70437
23562
11216
63191
88615
93481
29534
29935
95190
51306
30938
77253
66807
75203
15696
73541
52063
55826
79183
77348
65423
65816
52110
18201
27748
92259
14988
58623
88260
62079
45698
91705
53661
93541
76689
60498
25784
32811
62264
41995
38545
19555
73703
86068
25850
49433
74291
40711
37728
80842
24677
29575
20692
82910
33830
68434
62401
82646
38398
79408
63734
13556
75123
61363
95609
88545
50893
14882
91379
60224
72679
75505
10186
88379
90496
73586
95670
87141
13919
98555
87897
21880
29658
96248
15492
29496
25334
20643
56611
29416
74832
43193
81875
61800
24065
83853
17180
43720
65647
51476
57574
31072
75113
79797
72214
13116
93787
46134
40985
25988
23062
79383
75339
79708
13058
16278
80414
16351
54813
81250
50921
53645
70432
81070
38985
19798
92509
25063
44665
64806
74946
48029
77560
82468
29223
87584
93056
55648
14352
49873
56227
67703
68135
44722
65476
82704
50424
51796
85079
61910
84132
47927
61766
38484
57255
48855
73127
21236
15138
26829
48823
28401
75082
41215
67176
13673
53842
41964
46737
52719
20212
89201
98568
55425
69878
36501
16724
61592
41114
44198
47061
45289
47597
18834
31018
40775
25185
48462
26799
37199
94411
45846
16862
77988
89121
41240
88088
52125
12932
61211
26024
26312
14585
65939
68138
70317
83217
22036
63215
54110
12981
61857
54637
15241
19897
77229
55685
30161
61780
19289
48121
99355
62767
98670
85332
92588
67574
90643
95487
33530
87009
61978
53891
64426
70651
40653
45888
55241
11126
92609
21760
72079
41177
67610
62720
38295
69482
24219
69511
30242
46626
36316
40214
16785
27770
70571
50406
76411
75186
80536
74209
20188
30587
44135
29251
73362
52443
61094
12167
51846
75168
97509
29546
83531
67737
85592
11431
38480
42360
14648
32741
97324
79881
71771
18334
68130
61546
14960
18988
30289
75930
21257
36448
86654
11876
66255
92074
29648
17522
52479
95416
69033
60062
67751
32285
14164
84112
28620
93425
25079
63507
25390
32858
95361
94333
40395
43206
92330
84078
72161
63204
16143
71756
27041
84087
17409
51792
52746
74015
59054
29297
84657
32609
17060
25874
58302
80865
26487
66212
15758
89851
76509
82093
59990
10461
63653
61308
89327
14989
17367
86991
41601
44063
65372
64013
53989
87917
54951
49657
37242
10122
20118
94367
23209
55363
65064
12293
90625
75864
75980
82806
50840
22139
56146
68559
15717
18446
32393
38555
92877
52476
22255
57023
89712
47141
98051
69509
51468
83074
78836
32010
82768
80962
37056
55438
24160
79310
36425
41091
47905
41536
29509
54028
20625
71827
47338
10967
75725
95800
64759
37476
78412
28130
83725
53024
45967
56671
41707
77665
48546
16309
16089
76903
31304
45381
61640
55671
91121
48837
68378
77462
36188
60269
78335
74685
16866
72995
26388
36575
46928
65265
84605
42658
56818
51576
95552
84846
52027
28477
64359
47203
52605
95437
72068
59641
24867
32292
67584
35182
19538
32007
92975
30032
41113
73576
26722
54882
99164
24703
68050
60454
27190
49592
56765
49584
40545
13088
92702
25522
70502
92893
11623
84426
12731
92300
21625
26632
28475
75712
75879
69842
95243
44031
63456
47057
32649
30244
18656
70657
59827
21580
34612
71392
66944
75302
35677
66839
43839
33590
70339
73961
39874
83280
76702
38544
50441
42757
67041
12497
42768
12205
95448
32384
21279
17428
10614
61245
17235
16999
63526
39490
95242
66925
22315
56338
20318
87536
76054
51588
13119
34345
20023
37131
42337
89951
79435
13465
29793
27722
86832
81965
20918
75215
85783
90525
15127
76419
45429
40503
77472
24459
39273
65912
41919
38024
79322
43054
23682
12316
34222
98966
34564
32039
39662
77296
11982
85184
23308
87694
65053
95042
63925
61794
46414
74588
29733
32203
82698
16989
79186
47914
49915
18124
12186
80439
91196
65806
64937
39013
35793
86223
68919
16242
26757
62000
91400
43258
74293
36472
72537
79963
89591
46045
55267
11274
46293
13186
31736
17707
11755
43161
16657
13779
77770
43502
26568
16788
92875
99320
19490
38003
12296
98989
90146
11563
52578
65786
68704
69963
16787
38189
79734
40154
57993
56091
28153
88207
57286
72520
50122
95885
25183
28985
81747
50078
76112
27757
56391
58234
90999
25733
65607
62203
59085
20052
28344
58344
34019
24970
72586
12892
67070
38881
16457
15116
91678
80586
33881
61688
69315
53321
59151
87226
73486
27149
44397
86370
28465
67420
97544
11326
65808
51991
38955
40299
98792
98158
15911
33107
91713
53452
31259
61299
68294
30551
35457
73631
30456
30406
61078
72853
11693
56942
36376
45741
37009
87300
61087
47331
47888
91532
70212
24577
26505
93930
21051
56106
47059
39701
76753
80218
15008
20406
19425
41697
77797
86369
15816
12414
91988
15219
92982
71767
78447
42788
19254
54247
64860
25737
13014
68315
89552
92384
12292
55549
90489
23051
87275
90750
19383
26480
11456
24861
45105
88412
41192
10159
22941
47473
38267
24304
86270
91359
35745
35994
35989
24968
33438
84317
16694
50035
46849
21158
38659
66814
62569
26374
17282
58720
67926
32437
87668
39798
65779
36260
80381
90225
66679
88157
13264
64409
93067
30142
42595
85722
30646
53833
38303
44152
91913
73350
99275
15131
61889
18935
41834
18515
31759
40919
20301
32312
73708
95227
92281
30610
74684
59712
65683
30738
31859
82346
46263
13554
67042
61839
75364
58929
66416
88263
78356
57336
53785
16902
61032
48258
73802
94584
40440
30176
70136
25421
57645
16176
20419
51694
42302
68569
93917
69691
53629
57088
71814
93253
17098
47293
81492
12600
22912
76064
44694
96409
61518
41719
80558
29918
51778
21399
84781
13131
17389
45549
85797
87747
32160
17589
15753
75220
40166
94668
59922
10582
79962
86178
74569
94528
59272
60494
60692
37369
26980
51039
75162
81331
29652
98663
43026
14599
13011
50257
13018
40970
46679
32462
81209
64600
96685
14635
66344
93459
49013
15256
52161
66454
78139
73936
43733
35548
11626
11393
58006
92271
31512
11545
66798
13234
70506
36041
78007
59850
77378
34128
31147
45913
97727
25073
86251
58420
43354
68038
67290
90859
67710
48934
22667
72666
77601
20458
99233
54526
79270
51276
54733
60594
61152
74123
13243
55324
55894
16368
16600
59353
19565
71782
31511
83349
23853
53938
18254
86817
78957