94333
34558
94333
66247
85863
87003
62007
23161
65786
86514
34310
47888
79173
71538
22181
61839
33438
43258
94333
37358
22496
26799
34419
11393
31544
62720
40919
18758
87857
33515
29652
30646
67041
67041
61800
29496
51002
40919
35633
44025
33750
10624
89611
22051
66807
42784
33500
64359
90432
77685
40919
64359
73356
28465
96938
93056
65786
24732
72520
43258
84426
72520
78074
72520
87009
10684
61839
10516
82526
40919
23062
52605
77673
68845
62419
73604
84426
70854
56339
51171
27770
24577
37015
69734
86251
27770
74026
87009
33438
52605
47888
59781
62720
64359
67041
93056
63191
59781
74934
74846
32687
62687
50213
83521
86906
53112
27594
86251
39477
24577
63164
43258
75725
61927
94333
31467
10130
37354
45425
10461
93056
83739
19490
26799
11294
48228
33438
19254
28931
11393
59151
11393
89198
29496
61839
45698
14142
40919
43258
87434
61839
43258
22523
32306
31359
99501
43258
66000
33438
93056
26300
30646
83292
95064
71914
63191
26799
29949
48844
34111
45698
63191
30646
90812
78955
47888
23079
70111
22013
66098
89544
62720
78856
42757
93056
78836
78836
61839
94333
65786
93140
63191
42757
26799
19254
78836
26386
59781
21097
29652
76559
82291
63191
93322
63283
27429
47888
81085
93056
47888
86251
56992
15576
66807
40919
78266
76021
64359
32811
19555
77560
48696
77508
94333
66807
94333
59151
29652
13054
28578
87009
55718
45698
91730
59781
78836
78836
26799
66807
21264
33069
29652
94333
93056
33438
86251
37316
66807
14101
17661
51324
72435
32811
19490
31012
18461
94379
66607
66807
46429
23062
27770
19254
58297
61800
40474
33438
44527
42398
93056
22129
51542
26196
68036
45698
64359
93056
66807
45698
24577
18573
80909
72520
10921
11393
43258
30875
98707
77560
11587
78836
72520
57435
58144
46185
45698
53860
46357
47231
62720
23761
65786
42330
35185
19555
61105
29868
45698
17615
34009
52605
51113
77560
32811
52605
61839
47888
52980
99079
23062
29652
44357
47888
93056
43258
40252
36869
32811
72850
93056
73490
62720
92471
61800
41674
61800
78836
16338
19490
43258
30646
43258
23009
16283
74724
72462
62720
29652
24447
64359
75725
33438
69784
11228
94333
59151
14329
17484
23504
67041
19555
86854
23062
44956
78836
54942
36577
84426
63915
94333
47888
18449
86251
86771
26799
10461
26799
86251
22847
33851
51588
19490
92877
61839
61800
52845
19555
77327
40919
69223
67041
86251
70551
24123
19555
52605
61429
71173
59052
74726
77560
17142
64359
10907
63191
32811
64359
85038
78836
27770
51588
79119
75570
52605
10226
77560
53053
15072
61800
34010
77560
59151
17192
61800
60664
67041
59781
63941
19348
12402
44084
27770
18938
28465
20910
26799
33904
27770
59781
75725
63745
65786
33021
99593
29496
45698
26688
55835
64081
27175
17752
81097
57741
65786
47888
21302
38075
39769
84153
92214
59495
31985
25406
19555
98007
98832
52118
66807
45698
70337
88675
93056
49345
78302
61800
52605
84426
32811
19490
81028
15754
20196
70612
51272
67041
29652
21462
23062
57668
30815
12078
32366
66807
19555
24441
61839
40919
94333
55316
35855
22975
47888
33438
94333
40919
51588
65786
19555
98561
49926
40919
94333
72520
67041
66281
93056
86251
77846
50243
65786
32598
90308
63191
62720
90323
80072
85267
11393
89691
54749
17319
19555
19254
33438
38740
61839
28758
86251
11393
43258
84251
75536
13458
23062
19490
53429
61839
78836
25094
65593
19555
94430
40613
78836
65786
62720
59781
93810
31069
86251
65786
25169
87755
55633
64359
17296
71404
14998
61800
27770
10279
81145
19490
47888
61839
65253
45698
92877
15909
11477
78836
11393
96512
19555
59151
56714
66807
63191
51588
66807
64359
52605
29652
27969
62720
87432
33081
19254
67030
45698
78166
64359
19295
45698
62861
65786
27770
48241
79043
65212
94333
27924
47888
12815
34197
59781
95057
70210
92877
51588
52605
10461
37893
68323
26799
78836
66807
77371
97072
78836
67041
86251
61839
69116
65786
30878
66741
19490
17183
29652
73712
42757
59313
83489
29652
59781
63191
47888
51784
96140
51588
19490
86544
78265
61800
53664
47888
91405
66415
78836
28554
77560
40919
21633
97245
66743
44135
19490
19555
45698
14942
63191
35300
51909
64832
63191
15883
63191
26705
62720
14865
75725
52605
84420
35018
98498
75725
87304
61800
19597
19254
19490
99203
19490
72751
19008
93056
33438
43258
14704
11393
19555
43258
17416
59120
75725
19555
42757
71092
56598
93224
28716
19254
94333
79695
63191
66807
70737
94333
33438
32811
52518
51637
38228
86251
59151
27770
64175
29652
47922
81046
30646
62720
65343
93056
66807
11393
28781
27172
10461
63191
23540
43258
11728
65210
63191
23062
75044
46996
86249
29496
65786
94333
67442
20914
94088
33438
52605
27851
98828
65786
60952
30646
61800
59781
85385
60589
12411
75725
58454
43258
45698
21358
30646
19254
56308
27770
48561
75409
51764
75543
51588
77560
94277
54939
26402
47888
77315
49201
75055
52605
90963
66890
51719
93056
51588
24577
19555
93056
93056
10531
44766
33763
19254
32620
59781
73146
78836
59781
84697
43258
36981
10033
59151
99698
29496
85324
10461
69625
19490
47132
25151
36163
63191
41236
34952
94977
47888
47888
26799
51715
19254
52910
27572
93056
99178
17578
64359
61839
29652
31975
71900
25667
45155
66807
29496
26799
87780
64359
66807
51588
60185
93335
83328
76311
58155
72520
13851
36443
34438
86251
65786
19555
52605
29496
19490
59151
31691
79906
61800
19486
72520
45698
38568
19254
43258
74739
30646
66807
19254
64359
66829
33438
96424
66807
61839
45698
77560
20005
91608
67261
67923
86251
42479
19490
33438
53176
20117
42701
57113
19490
29936
56821
63191
61800
86034
64587
95919
53727
59781
97315
11393
96380
44227
63044
67638
40577
43258
65786
92500
52605
67041
45698
61475
38255
59781
81215
68282
71278
83758
35517
63191
65786
27770
19490
60359
58212
27770
94333
47888
29652
71924
75725
37345
43258
92198
24577
23062
11393
11393
97630
47888
19490
47888
19254
19555
94333
85812
15495
52605
56010
98555
62220
22932
29652
72520
79205
10461
67041
67041
94333
33438
33438
61839
25778
43258
55502
78836
86251
33438
59151
66807
16778
86065
22924
64359
10777
89451
13900
75407
23062
98555
40919
92938
42757
19555
20819
23062
34399
74703
72520
11393
87009
86251
96101
40439
19555
32811
33438
74568